0200 521 243 75 95
0200 134 265 124 158
0201 522 244 73 95
0201 136 267 122 158
0202 522 243 73 97
0202 137 265 120 161
0203 522 242 72 97
0203 139 264 118 161
0204 522 242 72 98
0204 137 265 120 158
0205 522 242 72 96
0205 137 264 120 161
0206 521 242 73 96
0206 137 265 120 160
0207 521 242 73 96
0207 138 263 119 162
0208 521 242 73 96
0208 139 265 118 161
0209 521 243 74 95
0209 138 265 120 163
0210 248 246 83 102
0210 521 243 74 96
0210 136 263 123 166
0211 522 243 73 96
0211 136 263 123 166
0212 522 242 73 97
0212 136 266 122 162
0213 522 243 74 96
0213 136 266 123 161
0214 522 243 74 96
0214 133 265 125 162
0215 522 243 73 98
0215 135 266 124 162
0216 522 245 74 96
0216 133 266 127 162
0217 523 244 72 98
0217 136 267 124 162
0218 522 244 73 96
0218 136 267 122 160
0219 522 244 73 96
0219 135 267 123 161
0220 137 268 123 159
0221 522 243 75 97
0221 136 269 124 158
0222 522 243 75 98
0222 136 267 123 160
0223 522 242 75 99
0223 141 267 117 158
0224 139 268 119 156
0225 522 242 76 98
0226 522 245 80 94
0226 135 278 116 155
0227 521 244 81 94
0227 133 276 119 159
0228 523 246 81 93
0228 137 267 120 156
0229 523 245 81 96
0230 524 245 79 96
0231 523 246 80 95
0231 91 257 154 180
0232 524 246 82 94
0232 87 257 159 180
0233 524 246 81 95
0233 93 261 153 176
0234 525 247 81 95
0234 96 262 145 173
0235 525 248 82 96
0235 95 262 144 173
0236 525 247 82 96
0236 92 262 148 172
0237 525 245 82 99
0237 91 264 150 172
0238 526 245 82 101
0238 89 264 150 171
0239 526 246 83 99
0239 83 261 155 177
0240 526 246 82 101
0240 81 268 154 171
0241 526 245 83 103
0241 73 267 158 174
0242 527 245 82 106
0242 72 266 158 175
0243 528 243 80 109
0243 66 267 163 173
0244 528 245 81 109
0244 64 266 160 175
0245 529 247 78 105
0245 66 268 158 172
0246 529 245 80 108
0246 69 267 156 177
0247 73 267 150 178
0248 531 247 81 104
0248 66 267 154 179
0249 387 250 74 94
0249 61 269 158 181
0250 62 270 157 180
0251 61 271 158 187
0252 57 271 164 188
0253 45 265 166 200
0254 43 268 169 196
0255 45 267 166 199
0256 45 266 164 200
0257 530 248 85 104
0257 42 266 166 200
0258 384 250 75 95
0258 527 248 85 105
0258 39 265 167 200
0259 384 249 74 93
0259 528 246 85 107
0259 33 267 174 203
0260 527 246 86 106
0260 33 267 172 200
0261 527 246 85 108
0261 28 269 180 198
0262 208 242 87 121
0262 528 245 85 110
0262 27 267 180 203
0263 208 241 86 122
0263 529 245 86 110
0263 25 266 178 204
0264 530 245 87 109
0264 202 248 96 124
0264 23 265 182 205
0265 528 246 88 109
0265 21 265 184 205
0266 527 248 89 105
0266 207 250 89 121
0266 16 267 191 203
0267 526 248 89 104
0267 206 250 89 121
0267 18 264 185 206
0268 385 249 75 97
0268 528 248 88 105
0268 203 249 95 123
0268 17 265 186 205
0269 383 249 75 101
0269 203 250 95 121
0269 15 266 183 204
0270 205 251 93 120
0270 13 267 186 203
0271 203 252 94 119
0271 17 266 177 204
0272 201 251 96 121
0272 19 267 170 203
0273 527 245 88 109
0273 203 250 95 123
0273 20 266 167 204
0274 526 246 89 110
0274 201 251 98 120
0274 15 267 169 203
0275 527 245 87 111
0275 201 250 96 123
0275 16 266 162 204
0276 527 245 84 111
0276 201 250 95 122
0276 13 267 166 203
0277 527 245 87 111
0277 199 249 97 123
0277 14 267 164 203
0278 528 245 84 113
0278 197 249 99 124
0278 14 266 164 204
0279 528 245 83 112
0279 197 249 98 123
0279 14 268 163 202
0280 528 245 84 112
0280 197 248 100 125
0280 13 271 162 199
0281 194 249 103 125
0281 0 270 171 200
0282 195 249 103 125
0282 0 271 177 199
0283 529 246 83 111
0283 196 250 102 124
0283 0 271 181 199
0284 196 251 103 122
0284 0 273 179 197
0285 197 251 99 122
0285 0 277 179 193
0286 530 247 87 111
0286 194 254 104 119
0286 0 276 177 194
0287 529 247 88 111
0287 194 253 104 120
0287 0 275 175 195
0288 194 254 103 120
0288 0 276 175 194
0289 192 255 104 117
0289 0 274 172 196
0290 191 254 104 120
0290 0 278 171 192
0291 189 252 103 125
0291 0 277 173 193
0292 186 252 108 126
0292 0 276 173 194
0293 187 253 108 124
0293 0 278 170 192
0294 184 253 112 124
0294 0 279 166 191
0295 187 253 104 123
0295 0 281 165 189
0296 188 253 103 124
0296 0 280 162 190
0297 186 252 102 127
0297 0 283 158 187
0298 187 253 98 126
0298 0 288 155 182
0299 186 254 98 126
0299 0 283 153 187
0300 0 280 146 190
0301 0 282 141 188
0302 0 277 138 193
0303 0 283 138 187
0304 167 254 101 129
0304 0 289 138 181
0305 166 256 103 127
0305 0 284 131 186
0306 166 254 101 131
0306 542 258 79 108
0306 0 282 130 188
0307 163 254 104 133
0307 0 276 129 194
0308 377 253 79 99
0308 162 254 105 132
0308 0 279 124 191
0309 159 256 105 129
0309 0 275 125 195
0310 157 256 111 129
0310 372 267 85 92
0310 0 268 121 202
0311 154 256 113 129
0312 150 259 113 126
0312 546 256 99 117
0313 151 258 112 130
0313 368 265 90 96
0313 547 257 101 118
0314 150 260 113 128
0314 367 264 92 98
0314 546 258 102 117
0315 150 260 114 132
0315 367 264 91 100
0315 546 256 103 118
0316 147 259 115 136
0316 367 263 92 100
0316 546 254 105 121
0316 0 311 93 159
0317 145 258 118 139
0317 367 265 92 98
0317 549 254 101 121
0317 0 308 85 162
0318 146 255 116 142
0318 366 263 92 102
0318 551 254 102 121
0318 0 325 80 145
0319 144 259 116 141
0319 367 266 92 99
0319 549 255 106 120
0320 143 260 117 141
0320 367 268 92 98
0320 550 251 104 126
0321 140 262 117 140
0321 366 268 92 98
0321 551 254 102 124
0322 136 259 120 144
0322 367 267 92 101
0322 550 255 104 125
0323 135 260 120 141
0323 367 269 92 98
0323 553 256 101 123
0324 133 262 120 137
0324 366 273 96 95
0324 554 256 101 125
0325 131 259 123 144
0325 367 267 94 102
0325 555 253 103 129
0326 130 258 123 152
0326 367 264 98 106
0326 555 255 106 129
0327 129 258 122 151
0327 365 268 98 105
0327 557 254 104 129
0328 133 259 121 149
0328 364 268 98 106
0328 559 255 103 131
0329 133 255 116 159
0329 364 264 96 113
0329 560 259 101 129
0330 132 257 118 158
0330 363 262 97 114
0330 562 261 100 128
0331 103 266 131 158
0331 362 266 98 112
0331 563 261 100 125
0332 100 266 134 160
0332 361 267 101 111
0332 565 259 102 130
0333 98 264 138 165
0333 361 267 103 111
0333 564 258 102 135
0334 98 264 135 169
0334 360 273 102 107
0334 566 256 98 137
0335 93 265 139 165
0335 360 267 104 115
0335 569 262 93 129
0336 92 267 137 162
0336 360 267 104 114
0336 571 261 93 132
0337 90 268 135 158
0337 360 266 105 121
0337 569 262 94 134
0338 87 264 134 167
0338 361 260 102 128
0338 589 266 107 129
0339 363 262 101 125
0339 584 260 117 139
0339 80 271 146 169
0340 362 262 103 121
0340 582 260 120 139
0340 77 271 147 170
0341 362 256 104 126
0341 581 260 122 141
0341 71 272 148 174
0342 361 254 104 130
0342 586 261 116 141
0342 67 270 152 178
0343 361 259 104 127
0343 583 260 119 146
0343 67 269 152 181
0344 363 256 102 132
0344 584 260 119 150
0344 65 266 151 186
0345 362 251 103 140
0345 588 259 122 153
0345 48 260 165 207
0346 361 251 106 143
0346 590 261 123 153
0346 45 262 165 208
0347 362 259 105 131
0347 592 263 125 152
0347 44 262 165 208
0348 360 256 109 138
0348 594 267 125 151
0348 38 263 163 207
0349 361 256 107 139
0349 596 266 126 156
0349 35 265 156 205
0350 361 253 111 153
0350 602 260 118 168
0350 26 267 163 203
0351 361 255 110 155
0351 605 263 117 164
0351 27 271 160 199
0352 362 253 109 163
0352 608 264 114 167
0352 26 275 160 195
0353 362 254 109 164
0353 607 269 101 153
0353 20 278 164 192
0354 366 259 106 150
0354 20 283 163 187
0355 366 264 106 138
0355 12 288 169 182
0355 606 272 152 167
0356 365 262 108 142
0356 0 286 190 184
0356 608 273 151 167
0357 364 260 109 146
0357 0 287 183 183
0357 613 273 148 168
0358 364 262 108 144
0358 627 287 123 149
0358 0 288 174 182
0359 362 260 111 148
0359 0 284 178 186
0359 617 275 147 162
0360 364 261 109 145
0360 0 284 177 186
0360 618 273 150 168
0361 362 261 111 146
0361 0 286 176 184
0361 618 274 152 166
0362 362 262 112 145
0362 0 282 170 188
0362 618 273 154 166
0363 363 256 112 156
0363 0 280 164 190
0363 620 274 154 165
0364 362 255 112 155
0364 0 277 164 193
0364 621 273 154 167
0365 362 252 112 160
0365 0 271 164 199
0365 622 271 152 170
0366 361 250 113 164
0366 0 269 166 201
0366 623 271 152 170
0367 360 249 113 166
0367 0 266 163 204
0367 623 271 153 171
0368 360 247 113 160
0368 0 261 160 209
0368 622 270 152 173
0369 357 244 116 166
0369 0 259 157 211
0369 623 271 151 170
0370 357 246 114 164
0370 0 258 150 212
0370 622 269 152 174
0371 356 246 115 168
0371 0 258 146 212
0371 624 268 149 176
0372 354 246 118 167
0372 0 262 144 208
0372 625 268 149 176
0373 354 247 117 165
0373 0 264 139 206
0373 626 267 149 177
0374 353 245 118 169
0374 0 268 135 202
0374 624 269 151 174
0375 355 247 114 164
0375 0 266 137 204
0375 623 269 154 173
0376 352 249 119 160
0376 0 264 134 206
0376 624 270 153 171
0377 356 254 114 153
0377 0 262 133 208
0377 625 271 151 170
0378 356 253 114 152
0378 0 263 130 207
0378 624 270 152 172
0379 353 252 116 155
0379 0 265 128 205
0379 626 270 151 172
0380 355 251 114 153
0380 0 264 126 206
0380 626 270 151 172
0381 354 250 115 153
0381 0 265 125 205
0381 624 269 152 173
0382 355 250 114 155
0382 0 263 124 207
0382 624 270 152 171
0383 343 242 131 182
0383 0 266 124 204
0383 624 270 151 171
0384 354 253 115 146
0384 0 270 124 200
0384 624 270 153 170
0385 333 246 137 181
0385 0 270 126 200
0385 625 268 153 174
0386 342 243 132 181
0386 0 270 124 200
0386 625 268 152 175
0387 342 242 132 180
0387 0 269 126 201
0387 623 269 155 175
0388 343 244 131 184
0388 0 270 122 200
0388 623 268 154 177
0389 334 246 135 180
0389 0 266 121 204
0389 624 269 154 176
0390 334 247 134 181
0390 0 270 122 200
0390 624 269 152 176
0391 333 246 135 181
0391 0 267 121 203
0391 625 269 152 177
0392 332 250 137 178
0392 0 270 124 200
0392 622 268 155 179
0393 333 248 135 179
0393 0 272 122 198
0393 621 268 156 179
0394 0 271 123 199
0394 623 268 154 179
0395 340 264 117 145
0395 0 270 122 200
0395 623 267 153 181
0396 339 264 117 145
0396 0 270 123 200
0396 622 268 154 180
0397 339 266 118 143
0397 0 270 122 200
0397 623 266 153 183
0398 0 272 123 198
0398 622 264 153 186
0399 0 270 124 200
0399 620 265 157 185
0400 0 273 122 197
0400 619 267 156 185
0401 0 273 118 197
0401 618 266 158 185
0402 0 275 116 195
0402 620 267 156 182
0403 0 275 115 195
0403 618 268 157 183
0404 0 275 114 195
0404 618 267 159 184
0405 0 274 112 196
0405 618 268 159 182
0406 335 272 117 134
0406 0 272 112 198
0406 618 268 157 182
0407 336 270 118 138
0407 0 272 115 198
0407 617 268 159 184
0408 0 272 116 198
0408 619 268 157 183
0409 0 269 116 201
0409 619 266 157 186
0410 335 269 118 139
0410 0 272 116 198
0410 618 266 159 186
0411 336 269 118 139
0411 0 271 117 199
0411 622 265 157 185
0412 338 267 118 142
0412 0 271 116 199
0412 621 267 159 183
0413 338 269 117 140
0413 0 269 116 201
0413 622 268 157 180
0414 338 265 118 145
0414 0 268 114 202
0414 623 267 158 179
0415 339 270 117 134
0415 0 271 116 199
0415 621 268 162 178
0416 335 246 134 180
0416 0 270 115 200
0416 623 267 159 179
0417 337 243 131 181
0417 0 269 115 201
0417 626 265 155 182
0418 340 257 120 149
0418 0 265 116 205
0418 624 265 155 181
0419 334 246 135 177
0419 0 266 112 204
0419 623 267 154 175
0420 333 260 120 145
0420 0 268 116 202
0420 619 268 156 174
0421 327 251 124 160
0421 0 270 99 200
0421 614 267 152 174
0422 325 254 121 156
0422 0 271 89 199
0422 606 265 155 178
0423 319 257 124 152
0423 600 268 158 174
0424 314 255 121 154
0424 0 269 80 201
0424 603 262 135 174
0425 314 251 112 160
0425 0 276 79 194
0425 600 266 136 167
0426 310 247 115 171
0426 0 272 66 198
0426 589 263 141 169
0427 0 277 61 193
0427 298 237 131 183
0427 581 254 148 182
0428 290 238 134 184
0428 575 259 153 176
0429 288 234 136 185
0429 573 247 150 191
0430 287 235 136 183
0430 575 252 148 182
0431 287 236 137 181
0431 576 251 144 179
0432 286 237 138 181
0432 579 256 142 175
0433 286 238 137 178
0433 579 253 142 178
0434 287 238 136 178
0434 574 251 145 179
0435 282 241 138 171
0435 568 240 145 193
0436 281 238 138 172
0436 562 244 150 188
0437 277 239 135 172
0437 560 244 152 182
0438 265 241 140 175
0438 555 254 139 177
0439 261 241 141 179
0439 550 255 138 173
0440 262 238 120 172
0440 546 248 143 180
0441 251 243 135 177
0441 534 245 145 176
0442 241 239 140 178
0442 529 240 142 181
0443 234 240 138 170
0443 519 244 147 172
0444 228 240 138 172
0444 511 241 157 173
0445 221 238 140 177
0445 508 249 140 167
0446 217 240 137 181
0446 503 245 139 173
0447 500 248 123 166
0447 209 241 135 181
0448 496 250 120 162
0448 204 242 137 177
0449 491 254 124 156
0449 189 242 146 176
0450 189 241 141 173
0450 474 238 147 176
0451 473 250 106 160
0451 174 243 146 176
0452 467 252 112 158
0452 170 241 143 184
0453 463 250 116 159
0453 168 238 141 183
0454 457 249 121 165
0454 158 238 141 181
0455 449 248 124 165
0455 147 242 145 187
0456 445 253 126 156
0456 140 249 149 177
0457 130 240 149 180
0457 429 241 148 170
0458 121 239 151 188
0458 428 237 146 174
0459 424 252 115 158
0459 120 239 148 191
0460 115 238 152 188
0460 418 237 139 175
0461 417 250 117 161
0461 108 239 152 187
0462 411 245 122 167
0462 99 240 152 190
0463 403 250 126 162
0463 93 244 158 185
0464 401 253 124 155
0464 85 245 161 187
0465 404 253 116 152
0465 73 245 159 188
0466 71 240 156 195
0466 385 235 145 172
0467 384 250 104 157
0467 66 244 156 199
0468 383 248 104 158
0468 63 245 161 194
0469 61 244 160 189
0469 372 240 140 169
0470 382 246 107 163
0470 59 246 161 187
0471 61 244 158 188
0471 374 238 136 174
0472 61 243 160 190
0472 376 237 134 174
0473 381 244 110 165
0473 60 243 160 189
0474 59 243 162 191
0474 376 237 136 171
0475 58 246 162 189
0475 375 240 136 170
0476 375 249 116 163
0476 59 242 158 192
0477 372 250 114 160
0477 51 242 155 196
0478 364 245 125 166
0478 40 244 165 197
0479 360 249 124 165
0479 27 244 170 198
0480 357 252 123 160
0480 25 238 160 204
0481 354 255 120 151
0481 14 244 167 192
0482 357 255 118 150
0482 3 243 181 198
0483 336 254 104 154
0483 0 242 163 199
0484 333 253 101 159
0484 0 244 165 199
0485 326 252 116 160
0485 0 242 159 202
0486 316 249 122 165
0486 0 235 144 219
0487 314 253 120 156
0487 0 237 138 211
0488 314 256 115 149
0488 0 239 131 204
0489 0 236 124 208
0489 293 233 147 179
0490 0 240 108 152
0490 291 250 109 164
0491 284 250 111 161
0492 282 251 113 162
0493 275 256 119 160
0494 270 253 119 160
0495 255 236 142 180
0497 237 253 111 160
0498 224 244 140 179
0499 227 254 118 163
0500 210 245 146 174
0501 202 238 149 182
0502 199 234 156 181
0503 192 255 117 164
0504 182 237 141 185
0505 798 274 48 196
0505 173 251 145 174
0506 786 278 60 192
0506 163 253 147 174
0507 780 276 66 194
0507 159 239 147 188
0508 764 276 82 193
0508 149 243 161 186
0509 757 278 89 192
0509 140 257 143 172
0510 134 249 144 179
0510 756 266 90 204
0511 124 256 150 174
0511 747 267 99 203
0512 115 255 152 178
0512 739 271 107 199
0513 112 248 154 189
0513 729 277 117 193
0514 100 253 144 181
0514 717 277 129 193
0515 96 259 142 173
0515 708 274 138 196
0516 81 252 155 182
0516 700 268 146 202
0517 66 248 167 192
0517 692 269 154 201
0518 71 271 148 167
0518 691 270 155 200
0519 683 266 163 204
0520 41 270 158 171
0520 683 265 163 205
0521 35 272 158 167
0521 674 267 172 203
0522 29 270 162 174
0522 650 266 196 204
0523 18 273 165 169
0523 645 270 201 200
0524 12 272 167 168
0524 639 262 200 208
0525 0 270 157 180
0525 634 266 204 204
0526 0 273 162 177
0526 628 266 200 204
0527 0 272 156 177
0527 615 263 198 207
0528 0 271 146 178
0528 609 262 193 208
0529 0 268 142 180
0529 604 260 189 210
0530 597 262 191 208
0531 590 265 191 205
0532 585 266 192 204
0533 572 262 194 208
0534 565 259 192 211
0535 559 259 192 211
0536 556 257 186 213
0537 549 263 186 207
0538 542 260 170 210
0539 535 259 175 211
0540 522 261 182 209
0541 519 256 180 214
0542 514 259 178 211
0543 504 257 182 213
0544 500 263 183 207
0545 498 262 165 208
0546 485 260 177 210
0547 479 259 179 211
0548 474 257 175 213
0549 467 259 177 211
0550 460 260 176 210
0551 460 257 153 213
0552 456 259 153 211
0553 446 251 157 219
0554 438 250 158 220
0555 432 254 160 216
0556 422 256 162 212
0557 418 257 164 213
0558 415 250 150 220
0559 405 249 160 221
0560 398 246 157 224
0561 390 251 166 219
0562 382 254 166 215
0563 374 252 166 215
0564 369 259 168 208
0565 367 249 155 221
0566 358 246 157 224
0567 353 245 160 225
0568 343 247 170 223
0569 338 252 165 218
0570 328 252 168 218
0571 326 258 167 209
0572 320 249 156 221
0573 315 241 156 229
0574 301 246 170 224
0575 295 247 173 223
0576 289 251 164 219
0577 282 251 173 219
0578 282 258 166 208
0579 271 247 164 223
0580 260 245 172 225
0581 253 251 173 219
0582 244 251 178 219
0583 237 252 174 218
0584 236 255 172 215
0585 224 246 172 224
0586 213 249 179 221
0587 204 250 184 220
0588 200 251 174 219
0589 190 250 183 220
0590 186 251 182 219
0591 190 253 174 217
0592 166 254 181 216
0593 155 252 185 218
0594 152 251 183 219
0595 144 255 187 215
0596 144 253 190 217
0597 140 259 188 211
0598 114 259 192 211
0599 106 256 193 214
0600 101 254 191 216
0601 97 254 194 216
0602 93 253 195 217
0603 66 253 199 217
0604 59 255 204 215
0605 49 253 203 217
0606 47 255 206 215
0607 46 255 205 215
0608 14 261 212 209
0609 11 260 215 210
0609 747 262 99 204
0610 1 259 215 211
0610 741 259 105 205
0611 1 259 215 211
0611 737 259 109 205
0612 0 262 215 208
0612 724 263 122 201
0613 0 264 206 206
0613 715 264 131 202
0614 4 270 191 200
0614 708 265 138 197
0615 0 269 183 201
0615 702 252 144 212
0616 0 263 179 207
0616 696 258 150 201
0617 0 267 171 203
0617 690 264 156 192
0618 0 263 166 207
0618 671 254 173 206
0619 666 244 175 208
0619 0 269 154 201
0620 664 241 172 211
0620 0 271 147 199
0621 0 276 132 194
0621 656 261 165 191
0622 645 242 173 204
0622 0 271 131 199
0623 640 245 148 204
0624 630 245 165 207
0625 624 247 164 202
0626 621 245 160 202
0627 613 261 150 194
0628 608 265 151 189
0629 593 263 153 196
0630 589 242 153 211
0631 580 241 155 212
0632 577 241 153 208
0633 571 261 146 195
0634 568 245 145 202
0635 551 260 150 200
0636 550 244 144 208
0637 541 263 142 191
0638 542 299 132 150
0639 528 270 144 188
0640 521 269 142 184
0641 508 267 146 195
0642 508 266 140 195
0643 499 265 139 196
0644 490 269 142 187
0645 488 272 139 185
0646 484 272 140 185
0647 477 273 138 182
0648 465 271 142 192
0649 462 268 136 197
0650 453 267 136 194
0651 446 272 137 187
0652 444 279 138 183
0653 438 274 133 182
0654 435 272 130 185
0655 424 265 133 200
0656 417 270 134 195
0657 405 271 137 190
0658 412 301 121 145
0659 406 298 124 154
0660 400 299 122 147
0661 396 300 120 143
0662 730 270 116 119
0663 723 278 123 109
0663 378 306 122 143
0664 720 276 119 112
0664 357 274 139 187
0665 352 276 141 180
0666 687 266 124 120
0666 361 300 121 151
0667 684 270 127 117
0667 359 294 118 150
0668 680 273 125 118
0668 332 272 137 191
0669 677 273 125 117
0669 326 273 134 192
0670 672 273 126 117
0670 323 274 133 192
0671 672 272 125 117
0671 320 270 133 194
0672 670 271 124 120
0672 315 269 134 194
0673 669 271 123 116
0673 312 273 136 188
0674 650 264 118 118
0674 309 276 137 182
0675 646 267 122 117
0675 306 278 140 181
0676 641 268 126 116
0676 305 276 136 183
0677 508 256 83 115
0677 638 272 118 114
0677 300 276 135 180
0678 503 258 85 115
0678 631 270 124 114
0678 300 276 127 179
0679 628 271 124 115
0679 288 272 133 192
0680 629 268 119 115
0680 284 270 132 197
0681 755 246 77 99
0681 630 267 115 115
0681 282 270 133 199
0682 755 245 75 102
0682 629 267 117 114
0682 280 270 134 198
0683 755 244 74 103
0683 629 266 115 116
0683 280 270 134 196
0684 754 245 76 101
0684 629 267 115 115
0684 280 269 134 197
0685 757 245 71 101
0685 628 266 117 115
0685 279 269 134 196
0686 757 247 70 100
0686 628 267 114 113
0686 280 268 132 196
0687 754 247 72 101
0687 627 265 115 116
0687 278 268 134 196
0688 753 243 69 101
0688 608 256 113 120
0688 273 268 136 198
0689 747 246 70 96
0689 604 258 115 120
0689 269 271 138 190
0690 602 260 119 118
0690 267 277 137 182
0691 599 262 117 117
0691 261 277 140 184
0692 468 255 88 115
0692 594 261 115 117
0692 257 273 139 188
0693 462 256 80 115
0693 587 261 118 118
0693 252 276 139 179
0694 587 262 107 117
0694 239 270 139 198
0695 700 246 68 97
0695 567 256 107 117
0695 229 271 142 197
0696 449 254 79 118
0696 563 260 113 113
0696 221 276 143 190
0697 558 263 110 111
0697 215 277 141 185
0698 550 264 112 110
0698 210 278 145 185
0699 422 253 82 119
0699 543 263 115 112
0699 205 284 146 178
0700 420 257 78 111
0700 543 263 110 112
0700 203 282 142 180
0701 539 266 104 110
0701 185 278 150 192
0702 521 259 111 111
0702 172 275 154 195
0703 514 259 110 113
0703 167 278 152 191
0704 512 260 104 111
0704 165 281 150 189
0705 507 261 108 112
0705 162 275 150 195
0706 500 262 111 109
0706 754 287 92 142
0706 158 284 150 186
0707 499 262 107 112
0707 749 287 97 141
0707 155 277 152 193
0708 498 263 100 112
0708 740 283 106 148
0708 134 274 155 196
0709 481 259 102 110
0709 723 268 123 159
0709 125 271 160 199
0710 474 258 106 113
0710 724 268 122 155
0710 116 272 162 198
0711 470 257 102 114
0711 115 279 156 191
0712 463 260 104 111
0712 707 269 139 154
0712 110 273 158 197
0713 461 261 105 111
0713 703 266 143 156
0713 108 274 158 196
0714 459 262 105 109
0714 708 265 134 157
0714 108 277 157 193
0715 458 262 104 109
0715 85 276 172 194
0716 455 262 109 109
0716 84 273 173 197
0717 455 262 107 110
0717 84 272 171 198
0718 455 260 107 112
0718 84 272 172 198
0719 456 261 106 111
0719 83 272 172 198
0720 456 261 107 111
0720 82 273 174 197
0721 456 261 107 111
0721 82 273 173 197
0722 455 263 108 109
0722 82 273 174 197
0723 456 263 107 109
0723 82 272 174 198
0724 455 263 108 109
0724 82 270 173 200
0725 455 262 108 110
0725 82 268 172 202
0726 454 262 110 110
0726 80 267 174 203
0727 454 260 108 112
0727 78 265 174 205
0728 452 261 107 112
0728 73 265 178 205
0729 451 261 102 112
0729 682 266 134 154
0729 69 268 177 202
0730 436 257 106 113
0730 676 267 144 151
0730 64 268 176 202
0731 431 258 108 110
0731 671 264 137 154
0731 64 277 165 193
0732 424 257 106 114
0732 664 265 135 154
0732 64 276 163 194
0733 419 258 105 113
0733 663 264 131 150
0733 33 271 184 199
0734 417 259 107 114
0734 30 269 184 201
0735 416 258 106 114
0735 25 264 186 206
0736 413 261 112 111
0736 23 266 187 204
0737 414 260 110 111
0737 25 266 184 204
0738 414 261 108 109
0738 647 270 115 143
0738 25 265 184 205
0739 414 259 107 111
0739 646 271 116 141
0739 26 269 182 201
0740 414 259 108 112
0740 24 266 184 204
0741 414 259 108 112
0741 644 272 122 140
0741 26 265 181 205
0742 414 261 108 110
0742 644 272 124 141
0742 25 266 182 204
0743 414 261 107 110
0743 645 272 122 140
0743 24 265 182 205
0744 415 262 107 109
0744 646 274 118 138
0744 23 266 183 204
0745 415 261 107 111
0745 647 272 117 143
0745 21 266 185 204
0746 416 261 105 111
0746 20 266 186 204
0747 293 255 89 116
0747 416 262 106 110
0747 21 264 185 206
0748 416 262 107 110
0748 19 267 186 203
0749 292 255 90 117
0749 416 261 107 111
0749 21 266 182 204
0750 294 255 88 117
0750 416 263 107 109
0750 18 267 184 203
0751 293 255 90 117
0751 416 263 107 110
0751 19 270 184 200
0752 291 254 91 119
0752 416 264 107 109
0752 19 266 183 204
0753 417 264 106 109
0753 19 264 183 206
0754 294 256 87 115
0754 417 263 106 109
0754 18 267 183 203
0755 292 257 89 115
0755 417 265 106 108
0755 17 266 184 204
0756 289 257 92 115
0756 419 266 102 107
0756 663 265 132 157
0756 16 267 184 203
0757 291 256 91 116
0757 417 265 104 107
0757 661 264 138 160
0757 13 268 185 202
0758 292 256 89 117
0758 417 262 105 110
0758 660 262 138 167
0758 14 267 183 203
0759 293 256 88 116
0759 417 262 105 111
0759 660 259 140 171
0759 14 267 184 203
0760 292 256 88 116
0760 417 264 106 110
0760 656 260 147 168
0760 11 270 186 200
0761 289 256 90 117
0761 418 264 105 110
0761 657 261 149 165
0761 13 269 184 201
0762 288 255 92 119
0762 418 263 105 111
0762 660 262 147 165
0762 13 267 184 203
0763 289 256 91 118
0763 418 261 105 113
0763 661 264 146 163
0763 10 270 188 200
0764 289 255 91 121
0764 418 261 105 112
0764 663 264 147 161
0764 10 270 186 200
0765 287 255 94 119
0765 418 262 106 112
0765 8 270 186 200
0766 284 253 95 123
0766 417 260 108 116
0766 670 264 144 163
0766 4 268 189 202
0767 287 254 92 121
0767 417 261 108 115
0767 672 263 141 165
0767 5 269 186 201
0768 286 254 93 120
0768 416 260 110 117
0768 676 264 137 164
0768 0 270 185 200
0769 418 262 108 115
0769 677 264 137 164
0769 0 269 187 201
0770 416 259 109 119
0770 680 266 133 160
0770 0 270 185 200
0771 417 259 108 118
0771 683 284 122 148
0771 8 272 176 198
0772 419 259 107 118
0772 685 288 122 140
0772 12 275 169 195
0773 419 261 110 116
0773 684 290 123 139
0773 11 276 171 194
0774 419 261 110 115
0774 685 291 125 140
0774 0 274 182 196
0775 420 262 110 114
0775 685 291 125 139
0775 0 276 182 194
0776 420 261 110 115
0776 0 276 177 194
0777 420 259 111 117
0777 0 275 176 195
0778 282 251 99 132
0778 420 259 111 116
0778 0 272 173 198
0779 420 259 111 116
0779 0 277 172 193
0780 282 254 95 128
0780 421 260 112 115
0780 0 275 169 195
0781 282 251 94 133
0781 421 260 111 115
0781 0 275 167 195
0782 283 253 95 129
0782 421 260 111 115
0782 0 272 168 198
0782 690 269 156 173
0783 421 262 110 114
0783 0 274 167 196
0784 421 260 111 116
0784 0 273 166 197
0785 279 251 102 132
0785 422 257 112 120
0785 0 274 165 196
0786 279 248 100 134
0786 422 258 110 118
0786 0 276 164 194
0787 281 248 98 134
0787 420 256 113 121
0787 0 275 164 195
0788 280 249 99 131
0788 421 256 114 120
0788 0 274 163 196
0789 421 257 113 118
0789 0 276 164 194
0790 420 254 115 123
0790 0 274 163 196
0791 420 256 116 120
0791 0 274 162 196
0792 420 255 117 122
0792 0 275 162 195
0792 696 269 150 175
0793 420 255 117 122
0793 0 277 160 193
0794 420 254 116 123
0794 0 277 160 193
0794 697 269 149 176
0795 420 254 117 123
0795 0 277 159 193
0795 698 268 148 177
0796 420 256 117 121
0796 0 279 157 191
0796 700 269 146 175
0797 420 254 117 124
0797 0 279 159 191
0797 703 269 143 174
0798 420 254 118 124
0798 0 277 159 193
0798 703 269 143 175
0799 420 254 118 124
0799 702 268 144 176
0800 420 253 118 125
0800 702 268 144 177
0801 420 253 120 126
0801 702 267 144 179
0802 420 254 118 125
0802 704 268 142 180
0803 420 254 118 125
0803 704 268 142 181
0804 420 254 118 125
0804 705 269 141 180
0805 420 255 118 124
0805 706 268 140 182
0806 420 254 118 127
0806 705 269 141 181
0807 420 255 118 125
0807 705 270 141 180
0808 420 256 119 125
0808 705 271 141 180
0809 420 256 118 127
0809 705 271 141 181
0810 421 258 117 125
0810 704 271 142 181
0811 420 259 117 125
0811 706 270 140 182
0812 420 259 117 124
0812 706 269 140 184
0813 420 259 117 124
0813 0 273 148 197
0813 707 269 139 183
0814 420 258 116 125
0814 0 271 148 199
0814 707 271 139 181
0815 420 265 115 117
0815 0 270 146 200
0815 707 271 139 180
0816 420 263 117 116
0816 0 274 139 196
0816 708 272 138 180
0817 419 260 119 119
0817 0 273 142 197
0817 708 270 138 184
0818 419 259 118 121
0818 0 277 143 193
0818 710 270 136 183
0819 418 259 118 121
0819 0 277 143 193
0819 709 269 137 185
0820 418 258 117 123
0820 0 277 138 193
0820 710 269 136 184
0821 417 259 119 122
0821 0 274 134 196
0821 710 269 136 183
0822 417 260 119 121
0822 0 273 140 197
0822 710 268 136 185
0823 417 262 117 119
0823 0 276 139 194
0823 709 269 137 184
0824 416 259 118 123
0824 0 274 140 196
0824 710 268 136 185
0825 416 260 117 121
0825 0 272 136 198
0825 709 269 137 185
0826 416 262 116 118
0826 0 275 132 195
0826 709 268 137 186
0827 416 263 116 118
0827 0 276 136 194
0827 709 268 137 185
0828 415 262 116 120
0828 0 273 133 197
0828 708 266 138 187
0829 413 263 117 119
0829 708 266 138 186
0830 413 264 117 118
0830 708 266 138 187
0831 412 263 118 119
0831 708 265 138 188
0832 411 261 118 120
0832 708 265 138 187
0833 412 262 117 120
0833 0 282 128 188
0833 709 266 137 185
0834 411 262 118 122
0834 709 266 137 185
0835 412 262 116 123
0835 711 267 135 185
0836 411 262 118 124
0836 714 268 132 185
0837 412 265 117 121
0837 714 269 132 184
0838 410 263 120 125
0838 715 271 131 182
0839 409 263 122 126
0839 714 269 132 186
0840 411 264 120 123
0840 715 270 131 187
0841 411 263 120 127
0841 716 267 130 189
0842 410 261 120 127
0842 714 268 132 187
0843 410 261 119 124
0843 715 265 131 190
0844 529 237 67 100
0844 408 260 121 124
0844 717 266 129 191
0845 409 261 119 120
0845 719 266 127 191
0846 407 258 121 125
0846 720 267 126 190
0847 408 254 120 130
0847 720 264 126 191
0848 408 255 120 127
0848 722 264 124 193
0849 528 235 69 102
0849 408 257 120 123
0849 721 266 125 188
0850 407 260 123 120
0850 723 266 123 191
0851 407 260 122 120
0851 726 266 120 191
0852 408 261 120 120
0852 730 269 116 190
0853 407 262 122 119
0853 730 267 116 195
0854 407 262 122 119
0854 729 265 117 197
0855 406 260 123 121
0855 732 265 114 199
0856 406 260 124 122
0856 735 263 111 206
0857 532 241 67 94
0857 407 261 123 121
0857 738 260 108 210
0858 407 262 123 121
0859 406 262 124 122
0860 407 261 123 124
0861 535 240 67 96
0861 407 264 123 123
0862 538 239 66 96
0862 407 264 123 125
0863 537 240 67 94
0863 407 265 124 123
0864 538 240 68 95
0864 407 266 124 125
0865 536 240 70 96
0865 406 266 126 128
0866 538 241 69 96
0866 404 265 129 127
0867 406 267 128 125
0868 408 267 126 127
0869 405 267 130 128
0869 770 277 76 172
0870 403 265 132 132
0870 773 273 73 181
0871 541 238 70 98
0871 404 266 132 133
0871 778 277 68 183
0872 406 265 129 136
0873 407 266 130 138
0874 408 265 130 141
0874 792 261 54 209
0875 409 265 130 144
0875 794 270 52 200
0876 408 267 128 141
0876 796 275 50 195
0877 406 264 133 144
0878 404 262 135 147
0879 404 263 136 145
0880 404 263 137 145
0881 404 263 138 146
0882 404 264 139 146
0883 406 246 143 172
0884 406 245 142 174
0885 406 246 142 173
0886 407 249 141 172
0887 408 246 140 177
0888 408 245 139 180
0889 409 246 139 179
0890 408 250 140 177
0891 406 249 141 178
0892 407 248 141 180
0893 409 248 139 181
0894 408 248 141 180
0895 408 252 143 177
0896 411 252 140 178
0897 410 250 142 178
0898 409 246 144 183
0899 408 246 144 183
0900 410 248 142 182
0901 410 248 141 182
0902 412 249 140 181
0903 411 247 140 183
0904 411 246 141 184
0905 410 244 142 186
0906 412 245 139 186
0907 412 247 140 186
0908 414 248 141 184
0909 418 250 137 185
0910 416 248 139 187
0911 418 249 137 188
0912 420 250 136 188
0913 419 250 137 187
0914 419 251 138 186
0915 419 252 138 185
0916 419 247 138 194
0917 419 247 139 193
0918 420 249 138 190
0919 419 249 140 190
0920 419 248 141 191
0921 420 250 139 190
0922 420 249 139 190
0923 420 250 139 189
0924 421 250 138 190
0925 420 251 140 190
0926 419 252 140 187
0927 421 254 138 185
0928 419 251 140 189
0929 421 249 139 192
0930 421 247 137 194
0931 420 250 139 190
0932 422 249 136 194
0933 423 249 136 194
0934 429 245 147 202
0935 427 264 149 186
0936 431 239 147 210
0937 428 263 147 191
0938 427 264 150 189
0939 428 264 151 191
0940 429 262 150 191
0941 430 264 149 186
0942 431 265 148 187
0943 431 265 147 189
0944 431 265 148 188
0945 430 264 147 190
0946 429 263 149 191
0947 430 263 149 192
0948 431 262 149 194
0949 431 263 151 193
0950 576 242 82 110
0950 431 264 152 192
0951 431 265 153 190
0952 432 239 158 209
0953 432 240 157 209
0954 429 260 159 194
0955 430 260 157 194
0956 432 264 155 192
0957 603 236 66 123
0957 431 265 157 192
0958 602 231 68 131
0958 430 262 160 195
0959 603 234 66 129
0959 430 261 161 196
0960 603 233 68 129
0960 431 238 164 215
0961 605 235 68 128
0961 432 234 163 222
0962 606 236 66 125
0962 428 253 170 213
0963 607 238 66 123
0963 428 249 169 217
0964 422 251 178 219
0965 602 247 67 126
0965 420 259 177 211
0966 416 262 179 208
0967 418 272 173 198
0968 418 269 171 201
0969 419 273 167 197
0970 392 267 177 203
0971 389 262 179 208
0972 385 262 181 208
0973 386 261 180 209
0974 387 260 179 210
0975 387 259 180 211
0976 385 259 183 211
0977 384 263 186 207
0978 385 261 185 209
0979 388 259 185 211
0980 388 261 186 209
0981 389 263 183 207
0982 392 264 182 206
0983 390 264 184 206
0984 390 262 185 208
0985 411 265 178 205
0986 384 262 188 208
0987 381 258 187 212
0988 381 261 185 209
0989 375 260 188 210
0990 372 261 188 209
0991 367 260 188 210
0992 367 266 187 204
0993 365 271 187 199
0994 368 267 183 203
0995 367 269 185 201
0996 366 268 186 202
0997 367 266 185 204
0998 366 266 185 204
0999 367 263 184 207
1000 367 263 183 207
1001 367 266 181 204
1002 368 265 179 205
1003 333 269 191 201
1004 334 269 188 201
1005 331 265 188 205
1006 328 263 188 207
1007 324 260 190 210
1008 324 260 185 210
1009 324 265 182 205
1010 293 270 189 200
1011 285 267 195 203
1012 284 267 191 203
1013 278 267 196 203
1014 277 260 192 210
1015 278 262 190 208
1016 278 266 184 204
1017 280 269 177 201
1018 239 273 194 197
1019 238 275 197 195
1020 236 269 196 201
1021 234 267 192 203
1022 232 265 194 205
1023 784 274 62 196
1023 238 270 186 200
1024 195 280 133 190
1024 241 273 177 197
1025 187 282 143 188
1025 240 275 171 195
1026 184 280 147 190
1026 240 271 168 199
1027 187 266 201 204
1028 180 284 152 186
1029 192 264 194 206
1029 735 279 111 191
1030 152 281 135 189
1030 197 271 186 199
1030 729 281 117 189
1031 146 282 138 188
1031 194 270 181 200
1031 720 277 126 193
1032 139 286 150 184
1032 192 270 177 200
1032 706 277 140 193
1033 133 281 153 189
1033 194 268 171 202
1033 703 275 143 195
1034 147 265 199 205
1034 701 269 145 201
1035 332 237 70 122
1035 148 265 196 205
1035 690 270 156 200
1036 145 265 196 205
1036 681 265 165 205
1037 102 287 147 183
1037 154 271 183 199
1037 676 265 170 205
1038 96 282 150 188
1038 150 268 182 202
1038 665 259 181 211
1039 89 279 156 191
1039 147 269 178 201
1039 659 259 187 211
1040 85 279 161 191
1040 151 270 169 200
1040 652 261 193 209
1041 99 266 204 204
1041 647 261 194 209
1042 100 260 200 210
1042 634 261 197 209
1043 47 285 166 185
1043 103 267 197 203
1043 628 258 196 212
1044 45 280 167 190
1044 102 260 192 210
1044 624 253 182 217
1045 36 276 172 194
1045 100 264 190 206
1045 618 258 185 212
1046 29 275 176 195
1046 106 270 175 200
1046 613 259 183 211
1047 26 275 182 195
1047 108 266 168 204
1047 608 261 179 209
1048 53 264 207 206
1048 599 254 174 216
1049 1 279 168 191
1049 57 261 200 209
1049 590 256 177 214
1050 0 276 179 194
1050 51 261 202 209
1050 588 255 168 215
1051 0 276 170 194
1051 51 262 200 208
1051 585 261 165 209
1052 0 276 172 194
1052 53 268 191 202
1052 571 264 175 206
1053 7 267 210 203
1053 565 263 160 207
1054 201 252 83 120
1054 7 267 205 203
1054 552 256 165 214
1055 2 267 208 203
1055 545 252 165 218
1056 2 264 204 206
1056 541 256 163 214
1057 0 260 201 210
1057 535 260 161 210
1058 0 260 198 210
1058 523 257 168 213
1059 0 264 179 206
1059 523 263 153 207
1060 0 263 175 207
1060 515 260 152 210
1061 0 256 172 214
1061 511 256 152 214
1062 0 252 163 218
1062 503 254 156 216
1063 0 253 156 217
1063 500 257 153 213
1064 0 258 148 212
1064 494 259 148 211
1065 0 252 141 218
1065 479 256 153 214
1066 0 237 134 233
1066 478 258 148 212
1067 0 245 136 225
1067 476 259 138 211
1068 470 256 145 214
1069 458 258 154 212
1070 457 258 145 212
1071 450 261 144 209
1072 439 257 145 213
1073 435 258 142 212
1074 431 258 136 212
1075 428 253 137 217
1076 32 245 95 136
1076 419 256 144 214
1077 414 262 144 208
1078 405 262 139 208
1079 397 263 142 207
1080 388 260 144 210
1081 0 244 88 146
1081 384 258 140 212
1082 375 253 145 217
1083 374 260 144 210
1084 370 261 141 209
1085 360 259 139 210
1086 348 258 145 212
1087 339 256 146 214
1088 339 262 141 207
1089 341 259 131 207
1090 326 261 147 209
1091 324 264 137 206
1092 321 263 133 207
1093 305 257 142 213
1094 302 256 140 214
1095 296 261 138 209
1096 296 258 131 212
1097 286 256 140 214
1098 281 263 138 207
1099 279 264 131 206
1100 264 257 140 213
1101 260 258 138 208
1102 254 257 134 210
1103 248 257 140 211
1104 239 253 142 217
1105 235 258 142 212
1106 227 255 142 215
1107 218 257 143 213
1108 212 255 143 215
1109 203 256 141 214
1110 201 249 143 221
1111 191 252 149 218
1112 179 256 157 214
1113 172 254 154 216
1114 165 251 154 219
1115 157 249 156 221
1116 151 252 154 218
1117 144 246 154 224
1118 135 245 161 225
1119 123 251 169 219
1120 118 248 166 222
1121 112 246 163 224
1122 101 247 166 223
1123 93 245 165 225
1124 86 246 168 224
1125 75 249 175 221
1126 68 253 176 217
1127 57 247 179 223
1128 48 250 179 220
1129 39 245 182 225
1130 27 241 190 229
1131 20 246 189 224
1132 12 248 194 222
1133 4 242 189 228
1134 0 243 195 227
1135 0 249 188 221
1136 0 242 181 228
1137 0 247 173 223
1138 0 247 164 223
1139 0 249 155 218
1140 0 243 141 227
1141 0 244 129 226
1142 0 239 117 231
1143 0 238 115 232
1144 0 240 106 230
1145 0 212 109 258
1146 0 239 102 231
1148 721 248 125 148
1149 722 248 119 146
1150 0 241 65 229
1151 0 258 56 212
1151 669 229 159 166
1152 680 244 128 148
1153 677 247 127 148
1154 677 248 118 144
1155 681 248 108 144
1157 640 246 123 143
1158 635 242 122 151
1159 792 232 54 120
1159 626 241 124 154
1160 785 230 61 122
1160 633 244 112 148
1161 783 235 63 115
1161 632 249 108 140
1162 603 243 128 150
1163 599 243 121 143
1164 588 239 121 151
1165 579 234 124 159
1166 736 235 105 115
1166 587 243 110 147
1167 732 231 108 120
1167 585 241 108 151
1168 560 231 125 162
1169 559 244 116 142
1170 702 236 96 115
1170 549 239 116 149
1171 697 235 98 114
1171 543 236 116 153
1172 691 231 105 114
1172 541 244 112 142
1173 690 234 98 114
1173 542 249 108 135
1175 668 237 92 111
1175 517 241 119 142
1176 661 234 91 114
1176 512 244 114 139
1177 650 235 96 111
1177 503 243 112 138
1178 647 236 97 108
1178 497 240 113 145
1179 643 235 91 111
1179 497 249 109 132
1181 627 236 84 109
1182 614 235 89 113
1182 472 244 116 138
1183 608 232 93 111
1183 466 244 112 139
1184 604 235 91 105
1184 458 239 111 145
1185 598 234 89 107
1185 452 244 112 137
1186 452 248 107 132
1187 583 235 84 108
1187 452 249 100 129
1188 579 230 82 113
1188 775 234 71 111
1188 435 245 111 133
1189 571 233 85 109
1189 427 246 116 132
1190 563 233 88 106
1190 422 244 110 137
1191 558 234 82 104
1191 415 244 108 137
1192 736 232 104 96
1192 410 243 108 138
1193 407 245 108 137
1194 540 233 79 110
1194 408 248 99 130
1195 532 232 80 108
1195 390 240 115 145
1196 525 230 85 108
1196 385 242 116 142
1197 516 230 83 108
1197 692 230 99 102
1197 377 237 112 150
1198 514 231 79 104
1198 686 235 98 93
1198 370 242 109 139
1199 509 229 79 108
1199 360 239 112 143
1200 364 251 107 132
1201 493 231 78 104
1201 362 251 96 123
1202 488 232 78 106
1203 482 231 81 103
1203 340 242 115 139
1204 475 232 85 104
1204 336 240 116 145
1205 472 231 81 103
1205 336 238 110 147
1206 470 232 80 104
1206 333 239 106 145
1207 470 232 80 105
1207 335 243 103 138
1208 472 232 81 101
1208 334 244 102 137
1209 471 233 82 101
1209 332 239 105 144
1210 470 232 81 104
1210 332 242 106 141
1211 470 232 77 106
1211 332 243 106 139
1212 471 233 78 106
1212 331 240 107 143
1213 332 241 108 140
1214 473 235 79 102
1214 331 242 109 141
1215 472 236 79 103
1215 333 242 106 140
1216 471 237 78 104
1216 332 242 107 139
1217 472 235 79 105
1217 332 240 109 144
1218 472 235 77 105
1218 332 239 111 148
1219 472 234 80 105
1219 334 243 110 141
1220 473 233 79 104
1220 333 244 116 138
1221 472 232 83 104
1221 332 243 116 140
1222 473 233 80 107
1222 335 244 115 139
1223 475 233 82 104
1223 336 245 115 138
1224 474 234 84 103
1224 336 245 118 138
1225 473 235 84 103
1225 334 245 121 138
1226 476 234 84 104
1226 333 243 122 141
1227 476 234 82 103
1227 334 245 122 138
1228 477 235 81 103
1228 333 242 123 142
1229 477 234 84 104
1229 645 244 87 90
1229 335 244 122 140
1230 478 234 81 104
1230 336 243 118 142
1231 477 236 80 102
1231 334 242 121 143
1232 472 235 79 104
1232 336 245 112 138
1233 331 243 107 142
1234 321 237 113 149
1235 312 240 116 142
1236 449 237 78 104
1236 310 244 113 140
1237 314 247 108 135
1238 441 234 79 104
1238 321 250 96 131
1239 441 236 81 101
1239 313 247 101 133
1240 440 235 81 103
1240 318 252 96 125
1241 439 236 83 103
1242 439 236 81 103
1243 440 237 80 102
1244 438 236 82 103
1245 440 235 80 105
1246 437 234 82 106
1246 296 239 119 148
1247 435 229 85 108
1247 295 238 119 150
1248 430 233 82 102
1248 287 237 119 151
1249 285 241 114 144
1250 280 241 110 144
1251 266 235 116 153
1252 269 244 109 141
1253 275 250 102 133
1254 396 235 78 103
1254 250 239 121 147
1255 391 233 81 105
1255 713 245 93 98
1255 249 239 121 149
1256 705 244 99 100
1256 240 239 116 151
1257 698 242 98 102
1257 234 241 113 148
1258 692 244 99 99
1258 219 238 120 151
1259 223 247 112 139
1260 359 234 78 106
1260 680 240 96 108
1260 224 248 107 137
1261 354 233 79 106
1261 672 246 88 96
1261 201 238 125 154
1262 347 235 82 106
1262 664 245 92 98
1262 194 237 127 153
1263 339 233 84 103
1263 654 243 94 98
1263 190 239 120 154
1264 647 245 96 95
1264 178 235 123 160
1265 329 233 79 103
1265 642 240 92 102
1265 169 242 124 146
1266 636 242 89 101
1266 180 251 111 137
1267 316 234 79 105
1267 629 245 86 95
1268 312 233 79 105
1268 620 245 89 95
1268 149 239 129 155
1269 306 232 79 109
1269 613 246 89 93
1269 149 247 122 144
1270 301 231 80 106
1270 608 245 86 94
1270 135 239 125 156
1271 289 233 78 105
1271 124 246 128 149
1272 593 243 82 97
1272 131 254 116 141
1273 107 239 128 157
1274 271 234 79 107
1274 582 244 87 95
1274 101 234 136 165
1275 573 245 83 91
1275 97 239 131 159
1276 258 234 82 108
1276 567 244 83 94
1276 91 239 126 162
1277 251 233 87 107
1277 80 244 131 158
1278 243 233 84 107
1278 78 249 128 151
1279 240 236 82 107
1279 552 242 77 98
1279 59 237 142 158
1280 238 235 82 109
1280 58 235 140 168
1281 237 234 82 109
1281 548 245 71 98
1281 57 236 140 166
1282 55 237 141 166
1283 547 245 72 98
1283 55 238 140 165
1284 55 238 140 164
1285 547 245 72 98
1285 55 238 140 164
1286 548 245 70 99
1286 54 237 141 164
1287 548 246 70 99
1287 55 239 142 163
1288 549 246 69 97
1288 55 239 141 164
1289 549 246 69 98
1289 57 239 139 165
1290 548 246 71 98
1290 55 238 140 162
1291 547 245 72 97
1291 53 236 139 168
1292 545 244 74 97
1292 48 238 143 162
1293 43 239 142 160
1294 216 238 82 111
1294 531 244 80 92
1294 45 247 128 160
1295 206 240 83 105
1295 522 246 83 90
1295 36 250 132 156
1296 205 238 85 105
1297 12 242 145 167
1298 0 245 152 166
1299 0 249 153 157
1300 501 244 73 98
1300 751 254 95 157
1300 0 249 149 158
1301 500 242 74 99
1301 0 248 139 165
1302 176 236 83 111
1302 498 243 77 98
1302 0 252 143 156
1303 176 237 83 110
1303 497 243 78 97
1303 0 247 138 166
1304 499 242 75 98
1304 0 247 139 166
1305 499 242 75 98
1305 0 248 138 165
1306 499 243 75 96
1306 0 249 138 162
1307 500 242 74 97
1307 749 251 97 155
1307 0 250 147 159
1308 501 242 73 97
1308 0 249 147 159
1308 747 253 99 217
1309 502 243 72 95
1309 749 250 97 153
1309 0 247 148 159
1310 501 242 73 96
1310 764 247 82 153
1310 0 246 151 157
1311 501 242 73 95
1311 766 248 80 153
1311 0 246 152 157
1312 501 242 74 96
1312 767 249 79 155
1312 0 244 152 160
1313 502 241 71 97
1313 767 248 79 158
1313 0 244 154 158
1314 767 247 79 157
1314 0 243 157 161
1315 766 249 80 156
1315 0 244 156 160
1316 768 248 78 153
1316 0 245 157 160
1317 768 247 78 155
1317 0 248 157 159
1318 0 244 158 163
1319 768 244 78 164
1319 0 244 158 164
1320 769 246 77 162
1320 0 244 158 162
1321 192 234 82 111
1321 768 247 78 163
1321 0 244 159 163
1322 0 241 159 166
1323 767 242 79 167
1323 0 243 158 164
1324 768 245 78 161
1324 0 241 155 167
1325 190 232 85 111
1325 772 241 74 166
1325 0 241 156 168
1326 190 232 84 111
1326 508 239 75 98
1326 773 242 73 164
1326 0 240 156 168
1327 189 233 85 111
1327 508 238 76 98
1327 776 244 70 163
1327 0 239 158 168
1328 189 232 87 112
1328 775 243 71 168
1328 0 237 154 171
1329 191 234 86 109
1329 775 244 71 163
1329 0 237 156 169
1330 192 234 87 109
1330 775 243 71 169
1330 0 235 157 171
1331 191 232 88 109
1331 508 237 80 98
1331 0 239 156 165
1332 191 232 89 109
1332 510 237 77 98
1332 779 245 67 168
1332 0 237 157 168
1333 193 232 87 109
1333 511 237 76 97
1333 779 243 67 170
1333 0 236 157 170
1334 194 232 84 111
1334 510 237 78 97
1334 781 245 65 171
1334 1 241 156 162
1335 195 233 84 110
1335 781 241 65 173
1335 1 237 156 168
1336 193 233 85 110
1336 785 241 61 172
1336 3 239 155 166
1337 194 234 84 107
1337 510 237 77 96
1337 786 244 60 174
1337 2 238 156 169
1338 195 232 83 110
1338 510 237 76 95
1338 4 237 155 170
1339 197 233 87 106
1339 511 236 77 95
1339 5 238 154 169
1340 196 233 90 107
1340 511 237 77 96
1340 6 237 154 168
1341 197 234 86 106
1341 7 236 154 167
1342 197 233 88 108
1342 6 237 156 166
1343 196 233 90 108
1343 8 239 154 162
1344 197 233 89 108
1344 7 238 155 164
1345 200 232 86 107
1345 5 237 157 165
1346 199 234 86 107
1346 7 237 154 166
1347 199 234 85 107
1347 513 237 80 95
1347 9 235 151 169
1348 196 233 90 109
1348 8 234 152 174
1349 197 233 89 108
1349 515 236 81 98
1349 7 234 153 174
1350 197 233 89 107
1350 7 236 154 171
