10f18b49ae496b0109eaabd919821b8 -0.286181 0.219554 -0.275257 -0.287389 0.222430 0.273208 -0.108644 -0.190565 0.302389 -0.124984 -0.176634 -0.248102 0.301815 -0.194863 -0.307455 0.312103 -0.208167 0.307800 
11448f34681c545439f3410d5f76299b -0.293205 0.202868 -0.285805 -0.298264 0.213273 0.275312 -0.107154 -0.162839 0.256699 -0.113782 -0.166120 -0.266634 0.332423 -0.192816 -0.284717 0.330216 -0.198873 0.284725 
11494281ca09a63d3b54554be306bc70 -0.263144 0.218543 -0.352405 -0.263144 0.218543 0.352405 -0.279374 -0.209269 0.352405 -0.263144 -0.209269 -0.352405 0.279374 -0.209269 -0.352405 0.279374 -0.209269 0.352405 
11654b536fd6ed67616b0fada7303ece -0.279289 0.214371 -0.349495 -0.279289 0.214371 0.349495 -0.206362 -0.199216 0.349495 -0.206362 -0.199216 -0.349495 0.286179 -0.207812 -0.349495 0.286179 -0.213196 0.349495 
125c93cbc6544bd1f9f50a550b8c1cce -0.312393 0.186979 -0.333270 -0.305337 0.174758 0.320151 -0.102655 -0.169760 0.333666 -0.113029 -0.158329 -0.239245 0.321410 -0.172542 -0.331085 0.318807 -0.171551 0.331876 
1312ea502b4e9b51701c1f58e22b85e8 -0.262135 0.213270 -0.344436 -0.265772 0.212297 0.347910 -0.153096 -0.162996 0.348412 -0.162954 -0.165639 -0.345581 0.284022 -0.182651 -0.345581 0.288314 -0.175847 0.348412 
13330d1e7b199dd82530b9c2b65d3f86 -0.253761 0.283239 -0.291355 -0.253761 0.283239 0.291355 -0.253761 -0.226847 0.291355 -0.253761 -0.226847 -0.291355 0.291356 -0.283239 -0.291355 0.291356 -0.283239 0.291355 
13f5cbc78856f977927930e64238782e -0.209981 0.234052 -0.351707 -0.206451 0.223908 0.325894 -0.209467 -0.178308 0.357885 -0.209981 -0.183304 -0.351707 0.254624 -0.183304 -0.351707 0.254624 -0.197491 0.349501 
1497a7a1871af20162360e5e854659a -0.321637 0.250529 -0.287135 -0.321637 0.250529 0.287384 -0.183206 -0.232779 0.287384 -0.184379 -0.239875 -0.287072 0.321990 -0.242185 -0.287072 0.321848 -0.248787 0.287447 
151fccb37c2d51b0b82fa571a1cdbf24 -0.303101 0.161005 -0.359134 -0.308383 0.161005 0.359134 -0.139168 -0.114116 0.359134 -0.136801 -0.115675 -0.359134 0.296586 -0.143415 -0.359134 0.297415 -0.119001 0.359134 
1622e466794cf72998536cff5312b747 -0.325441 0.214985 -0.266118 -0.325441 0.214985 0.276157 -0.153711 -0.159325 0.258753 -0.158111 -0.157502 -0.262832 0.355375 -0.175123 -0.278371 0.355375 -0.175123 0.278371 
164b84d13b3d4650e096f6db40afe7bf -0.234620 0.238308 -0.300006 -0.164153 0.238308 0.349676 -0.155414 -0.187004 0.338149 -0.237639 -0.187004 -0.286406 0.162648 -0.199561 -0.361139 0.250575 -0.199561 0.306737 
16c49793f432cd4b33e4e0fe8cce118e -0.196038 0.218386 -0.383932 -0.196038 0.218386 0.383932 -0.059179 -0.173861 0.383932 -0.068477 -0.168901 -0.383932 0.234315 -0.178826 -0.383932 0.234315 -0.178826 0.383932 
17069b6604fc28bfa2f5beb253216d5b -0.268397 0.239136 -0.310015 -0.268397 0.239136 0.310015 -0.268397 -0.207209 0.310015 -0.268397 -0.207209 -0.310015 0.310973 -0.207209 -0.310015 0.310973 -0.207209 0.310015 
18fdfff5acc4eb28e2720b34eb9e71b9 -0.263269 0.275870 -0.236012 -0.263269 0.269964 0.239525 -0.263269 -0.204370 0.268224 -0.263269 -0.204370 -0.263240 0.279056 -0.228798 -0.281212 0.298200 -0.228798 0.263499 
19117e74b575cdca82555f4c45537277 -0.307521 0.209087 -0.299569 -0.307521 0.209087 0.300168 -0.144262 -0.205369 0.315731 -0.144262 -0.205369 -0.315131 0.316752 -0.220534 -0.315131 0.316752 -0.220534 0.315731 
195e2a65e5396271bc7eb7ec22211551 -0.230591 0.241704 -0.361167 -0.230591 0.241704 0.361167 -0.230591 -0.166691 0.327829 -0.230591 -0.166691 -0.327829 0.247260 -0.200032 -0.361167 0.247260 -0.220868 0.361167 
1971fd62c05b664a816d6ef08b9362ac -0.215890 0.251818 -0.340858 -0.206056 0.244734 0.322334 -0.206056 -0.182052 0.322334 -0.196989 -0.193647 -0.294848 0.237256 -0.220433 -0.340906 0.259045 -0.197323 0.316807 
1a46d6683450f2dd46c0b76a60ee4644 -0.272206 0.208748 -0.351421 -0.278849 0.218835 0.336569 -0.161955 -0.202716 0.351435 -0.162400 -0.201055 -0.351008 0.269703 -0.212209 -0.351094 0.268055 -0.208403 0.351021 
1b5ec8c5ca53caa5ad6be7ca8dcfc55b -0.253088 0.265250 -0.319995 -0.253088 0.265250 0.319995 -0.253088 -0.242793 0.319995 -0.253088 -0.242793 -0.319995 0.277931 -0.265250 -0.319995 0.277931 -0.265250 0.319995 
1b67b4bfed6688ba5b22feddf58c05e1 -0.288026 0.225646 -0.275043 -0.288026 0.225646 0.280527 -0.158803 -0.193661 0.294131 -0.160700 -0.193661 -0.245838 0.298280 -0.219867 -0.301418 0.313540 -0.193661 0.275043 
1bb2e873cfbef364cef0dab711014aa8 -0.323647 0.201107 -0.315957 -0.321716 0.199574 0.315957 -0.084435 -0.133813 0.315957 -0.113425 -0.137442 -0.315957 0.328797 -0.175606 -0.315957 0.330967 -0.170431 0.315957 
1be64c0aded473d38ca8637757ac3f67 0.303281 -0.179245 -0.309340 0.303281 -0.183890 0.351206 -0.115070 -0.176865 0.351206 -0.115070 -0.176865 -0.339592 -0.303281 0.181626 -0.351206 -0.303281 0.181626 0.351206 
1c035fa183863780e605719767a1e7c1 -0.214728 0.193364 -0.365654 -0.214728 0.185963 0.331265 -0.198830 -0.148548 0.377911 -0.214728 -0.148548 -0.264113 0.241323 -0.148548 -0.361288 0.247828 -0.148548 0.348233 
1ce087aba42caa73b8152979f6537fad -0.268595 0.249349 -0.322013 -0.277941 0.246180 0.321514 -0.151942 -0.211659 0.321514 -0.166130 -0.216683 -0.164477 0.287302 -0.224133 -0.321514 0.285606 -0.220035 0.322013 
1ce688d90a2010a69718283200011d2a -0.284491 0.220122 -0.274538 -0.286263 0.235398 0.316285 -0.234989 -0.206609 0.316285 -0.239074 -0.171386 -0.274538 0.307493 -0.210128 -0.316285 0.307493 -0.210128 0.316285 
1d1947a3104bdbf4752cca7e96f0bf86 -0.257373 0.230900 -0.326554 -0.257373 0.230900 0.326554 -0.111207 -0.179339 0.288026 -0.111207 -0.179339 -0.288026 0.295037 -0.182002 -0.321511 0.300079 -0.192229 0.326554 
1d20a8518db7e689f0b97bc9b1844ffd -0.274981 0.237699 -0.320059 -0.277177 0.246443 0.311043 -0.165137 -0.199561 0.320059 -0.165137 -0.199561 -0.320059 0.285651 -0.215589 -0.320059 0.292412 -0.206737 0.317805 
1d66c26055573243a0efaa0482f35281 -0.248325 0.254653 -0.346445 -0.253483 0.254653 0.346445 -0.245700 -0.244337 0.346445 -0.242844 -0.236313 -0.278428 0.255202 -0.244337 -0.346445 0.255202 -0.244337 0.346445 
1dc28ae9dcfc3d773487ed70d4534caf -0.299991 0.211189 -0.329096 -0.295923 0.201170 0.323415 -0.138212 -0.182634 0.325627 -0.140182 -0.182446 -0.329096 0.311575 -0.188744 -0.329113 0.311490 -0.188744 0.325763 
1f507b26c31ae69be42930af58a36dce -0.292439 0.212561 -0.310213 -0.292439 0.212561 0.310211 -0.164641 -0.190310 0.323098 -0.164779 -0.189869 -0.319600 0.292001 -0.187931 -0.319483 0.299779 -0.187931 0.295007 
1f8338b068279743f8267dd94d223348 -0.255079 0.226945 -0.340417 -0.241491 0.211769 0.336414 -0.241491 -0.198576 0.354601 -0.241491 -0.198576 -0.340417 0.269730 -0.226945 -0.340417 0.269730 -0.226945 0.285539 
20d42e934260b59c53c0c910fd6231ef -0.268827 0.237438 -0.313525 -0.263506 0.214039 0.323464 -0.146332 -0.211942 0.323464 -0.146332 -0.211942 -0.323464 0.270993 -0.220724 -0.318280 0.282345 -0.247129 0.308326 
212bf74d7c711a1634dedfee80b7006 -0.308642 0.184480 -0.297636 -0.313441 0.192791 0.295044 -0.112623 -0.155034 0.304241 -0.111390 -0.157172 -0.298170 0.330612 -0.175426 -0.263090 0.330612 -0.175426 0.256335 
2134ad3fc25a6284193a4c984002ed32 -0.307210 0.205901 -0.295654 -0.307210 0.205901 0.295654 -0.184021 -0.177744 0.295654 -0.188831 -0.162764 -0.272782 0.344930 -0.177744 -0.295654 0.344930 -0.186786 0.202424 
21c0187bf2174c1684c4330348773d0a -0.174760 0.254161 -0.356717 -0.174760 0.254161 0.356717 -0.174760 -0.166007 0.318169 -0.174760 -0.182818 -0.356717 0.241155 -0.192479 -0.356717 0.241155 -0.192479 0.356717 
21e03f21a8724ab5bfa1d058f8ea2f0a -0.261968 0.200333 -0.357577 -0.229409 0.204603 0.341642 -0.229409 -0.188031 0.373511 -0.229409 -0.188031 -0.373511 0.256844 -0.204603 -0.354390 0.254021 -0.188031 0.358607 
2211a40cc77a085362c091e763f81d3 -0.246329 0.286126 -0.294317 -0.246329 0.269010 0.307623 -0.246329 -0.251885 0.307440 -0.246329 -0.250980 -0.304482 0.260397 -0.251885 -0.304700 0.252401 -0.251885 0.143953 
22367d72d95e021aa458f8df8b43cd95 -0.229225 0.245756 -0.346077 -0.229225 0.245756 0.346979 -0.229225 -0.175739 0.331309 -0.229225 -0.175739 -0.331037 0.263077 -0.220457 -0.346979 0.263077 -0.220457 0.346979 
22389f9c3c049ce757c29983a611b1c6 -0.308929 0.209625 -0.322427 -0.308929 0.209625 0.318856 -0.123541 -0.174646 0.322427 -0.123541 -0.174646 -0.318858 0.319528 -0.174646 -0.318858 0.319528 -0.174646 0.322427 
229f440bbd8f5482355323b019d9d87e -0.269015 0.230856 -0.329164 -0.269015 0.230856 0.330756 -0.269015 -0.202435 0.330756 -0.269015 -0.176484 -0.315664 0.295476 -0.202435 -0.330756 0.295476 -0.202435 0.330756 
234155f4192ecf3da97e5dec8972a635 -0.238090 0.221917 -0.303686 -0.238090 0.232388 0.354676 -0.238090 -0.203306 0.354937 -0.238090 -0.204131 -0.351792 0.240878 -0.239073 -0.335541 0.240878 -0.239073 0.332457 
2416c2fcbae368a7b95c83f902f3aac0 -0.299646 0.237337 -0.315364 -0.276901 0.232682 0.302753 -0.160906 -0.200218 0.316229 -0.149998 -0.196451 -0.239226 0.293762 -0.232149 -0.315364 0.299646 -0.202733 0.316229 
241ec8a746dd1cfc78f71a335ebabfa5 -0.354474 0.155634 -0.307594 -0.346371 0.163737 0.311220 -0.048892 -0.122958 0.312311 -0.045730 -0.125934 -0.310674 0.354474 -0.163737 -0.309037 0.354474 -0.136453 0.309231 
247012532a6342f424afdcb79b0329d8 -0.288564 0.219203 -0.335673 -0.288564 0.219203 0.333651 -0.178297 -0.197971 0.337695 -0.178852 -0.197971 -0.335673 0.296500 -0.197971 -0.335673 0.296500 -0.219203 0.337695 
24721e62300a3c4f98be7382d7a678c3 -0.269366 0.239898 -0.324193 -0.269366 0.239898 0.324193 -0.147933 -0.199870 0.324193 -0.152659 -0.195658 -0.324193 0.295547 -0.195658 -0.324193 0.295547 -0.195658 0.324193 
25192ef0befdd75d291d2d0d560233f4 -0.315302 0.221265 -0.301473 -0.315302 0.221265 0.301473 -0.315302 -0.163160 0.264688 -0.315302 -0.221265 -0.295942 0.331897 -0.221265 -0.295942 0.331897 -0.195330 0.301473 
25bc168b214b54799e28e9cf32e5157 -0.254210 0.222830 -0.337387 -0.244664 0.238662 0.353219 -0.225571 -0.219569 0.353219 -0.225571 -0.219569 -0.353219 0.261299 -0.219569 -0.353219 0.261299 -0.219569 0.353219 
25f391ae823c118963439329667c7723 -0.368827 0.199659 -0.267966 -0.368827 0.199659 0.267966 -0.125234 -0.191374 0.267966 -0.125234 -0.191374 -0.267966 0.368827 -0.205331 -0.267966 0.368827 -0.205331 0.267966 
26ad81059039dfcca3e30e62a8e6f77f -0.294110 0.226243 -0.316798 -0.294110 0.226243 0.306639 -0.140795 -0.185680 0.316798 -0.140795 -0.185680 -0.316798 0.313683 -0.214164 -0.316798 0.313683 -0.214164 0.316798 
2777dfcee7d0f364b0d7b0d4230df8ca -0.319877 0.179843 -0.326768 -0.319877 0.179843 0.326768 -0.099164 -0.158590 0.326768 -0.099164 -0.139108 -0.326768 0.332985 -0.158590 -0.326768 0.332985 -0.169216 0.326768 
283a115028fffe6e4e67e2e8459ebde -0.302147 0.241876 -0.297613 -0.302147 0.241876 0.297857 -0.133347 -0.182299 0.297857 -0.137783 -0.201861 -0.178763 0.298895 -0.201861 -0.278009 0.313822 -0.206902 0.297613 
28fbfd8b8c9c6f16e1e44e2fc05361d9 -0.228944 0.220902 -0.324973 -0.228944 0.216893 0.314160 -0.190147 -0.196299 0.198103 -0.228944 -0.199926 -0.341872 0.257900 -0.194353 -0.349821 0.257900 -0.194353 0.360360 
2926c35f9f2b8c7556faf77ac8662d5b -0.303135 0.196417 -0.326179 -0.305055 0.196417 0.325775 -0.148854 -0.166277 0.326235 -0.148854 -0.172550 -0.245281 0.322710 -0.192230 -0.325728 0.320172 -0.185953 0.326235 
298cf1c20abcd641f9f562601150287 -0.239950 0.250207 -0.355239 -0.239950 0.250207 0.355239 -0.234371 -0.201756 0.355239 -0.234371 -0.201756 -0.355239 0.242740 -0.219119 -0.355239 0.247390 -0.213710 0.355239 
29f5cfcef7272f1f640578ae55230ebc -0.320033 0.219185 -0.304513 -0.320033 0.219185 0.304513 -0.087928 -0.162526 0.304513 -0.087928 -0.174442 -0.304513 0.330499 -0.199878 -0.304513 0.330499 -0.180569 0.304513 
2c61f0ba3236fe356dae27c417fa89b -0.356637 0.188228 -0.286049 -0.356637 0.188228 0.286049 -0.232274 -0.171883 0.251315 -0.239472 -0.143328 -0.247913 0.364343 -0.188228 -0.286049 0.364343 -0.188228 0.251315 
2c697db8a982242d54a8d8e3b6972768 -0.284759 0.150521 -0.372659 -0.284759 0.150521 0.367337 -0.104705 -0.125444 0.372659 -0.115918 -0.108259 -0.346480 0.297437 -0.139225 -0.372659 0.297437 -0.139225 0.372659 
2cafa6107fff001f7a470f4d014a755f 0.243162 -0.239897 0.361281 0.243162 -0.239897 -0.361281 -0.238824 -0.239897 -0.303909 -0.227773 -0.239897 0.361281 -0.243162 0.245659 0.361281 -0.227773 0.245659 -0.338195 
2ce3a50ca6087f30d8e007cc6755cce9 -0.266675 0.236174 -0.317363 -0.290439 0.236312 0.314367 -0.266675 -0.202138 0.331364 -0.266675 -0.201817 -0.331364 0.290439 -0.207629 -0.302974 0.290439 -0.207629 0.297628 
2d38fa685e71721986a7e0484f5238e4 -0.295653 0.211593 -0.334910 -0.289415 0.194378 0.320525 -0.143777 -0.184868 0.334526 -0.157386 -0.169966 -0.321641 0.283271 -0.209250 -0.334910 0.302514 -0.197916 0.334526 
2d45f63c9ab71376a1b657e38449a62 -0.299864 0.189676 -0.332447 -0.299864 0.189676 0.335080 -0.095328 -0.161092 0.335080 -0.096956 -0.161768 -0.332447 0.318974 -0.189676 -0.332447 0.318974 -0.189676 0.335080 
2d47af483371ff60672faaae04fc887 -0.249885 0.244036 -0.357777 -0.244863 0.244036 0.357777 -0.232634 -0.217188 0.357777 -0.232634 -0.217188 -0.357777 0.249885 -0.236650 -0.357777 0.249885 -0.236650 0.357777 
2d5d4d79cd464298566636e42679cc7f -0.293398 0.183760 -0.346612 -0.288609 0.175466 0.335538 -0.092270 -0.164605 0.335538 -0.101574 -0.148489 -0.312288 0.309988 -0.164605 -0.346612 0.309988 -0.164605 0.346612 
2da650d7d946a4f04b7717340dfa57ba -0.253655 0.178418 -0.374494 -0.279143 0.178418 0.373880 -0.253655 -0.165827 0.374494 -0.253655 -0.149469 -0.274260 0.279143 -0.165827 -0.374494 0.279143 -0.165827 0.374494 
2dbabd43fdc9e21ffae724b4e4a1ff51 -0.272381 0.204592 -0.355516 -0.272381 0.204592 0.357816 -0.068274 -0.190542 0.357816 -0.068274 -0.190542 -0.355516 0.283036 -0.190542 -0.355516 0.283036 -0.190542 0.357816 
2f9cc3e20647ebb1cb8118818e564f96 -0.188323 0.210696 -0.396765 -0.180370 0.210696 0.400732 -0.180370 -0.179413 0.400732 -0.188323 -0.179413 -0.396765 0.212181 -0.179413 -0.396765 0.212181 -0.210696 0.400732 
2fbc09c414c80a2d50577cf04f3bf74a -0.179383 0.258840 -0.322647 -0.179383 0.258840 0.325055 -0.179383 -0.172159 0.325055 -0.179383 -0.137258 -0.282114 0.278102 -0.172159 -0.322647 0.278102 -0.172159 0.325055 
3088048452f40a8965932bedd33dbd98 -0.271729 0.224699 -0.321718 -0.251608 0.216513 0.330866 -0.143340 -0.187549 0.343856 -0.143340 -0.187549 -0.344096 0.267767 -0.200184 -0.321478 0.261230 -0.196924 0.315229 
30cd08287b6ddeadb275781e0d014d27 -0.240761 0.212539 -0.353672 -0.240761 0.210565 0.262828 -0.222070 -0.208042 0.358029 -0.221598 -0.208042 -0.189928 0.252287 -0.208042 -0.323827 0.252287 -0.208042 0.318999 
3237f5cd4bca555955357c338ec9641 -0.254024 0.213753 -0.361589 -0.252237 0.207084 0.357447 -0.139922 -0.186320 0.357447 -0.139922 -0.186320 -0.354686 0.239748 -0.213932 -0.361589 0.267361 -0.186320 0.364351 
32ab7469a9c4bb584ae6254ab33d9f52 -0.302943 0.213680 -0.316637 -0.304110 0.216524 0.312202 -0.133651 -0.176383 0.317608 -0.142199 -0.178253 -0.232433 0.319100 -0.181115 -0.316365 0.319409 -0.172758 0.317608 
33b46231ff0ac2e46c8f71c9d7a79dc1 -0.321845 0.185851 -0.314774 -0.312013 0.168823 0.333246 -0.105746 -0.149740 0.334398 -0.100662 -0.149365 -0.334398 0.321927 -0.155068 -0.299324 0.319298 -0.147147 0.324586 
33b9567a9f534747cdd9e16bfb7eee3d -0.329418 0.170056 -0.317465 -0.329418 0.170056 0.317465 -0.039412 -0.145161 0.292441 -0.082172 -0.124063 -0.289901 0.346839 -0.145161 -0.317465 0.346839 -0.170056 0.317465 
342150823878f1ec9aeacfc2a1a52243 -0.251735 0.230555 -0.351102 -0.251735 0.215890 0.292753 -0.251735 -0.203431 0.351102 -0.251735 -0.203431 -0.351102 0.271241 -0.203431 -0.351102 0.271241 -0.230555 0.351102 
343c090b2004dfb0910bfefeca21d514 -0.273685 0.213211 -0.355570 -0.279483 0.211328 0.355570 -0.131987 -0.185497 0.355570 -0.138572 -0.173166 -0.355570 0.278996 -0.198307 -0.355570 0.277464 -0.196316 0.355570 
34715b469341fd4ce4b68d3b17c43658 -0.298250 0.211630 -0.310512 -0.291895 0.199119 0.324423 -0.147465 -0.183545 0.317695 -0.150001 -0.203814 -0.322571 0.304397 -0.206332 -0.318988 0.305893 -0.199900 0.319851 
34913d1dcde913848bd55eee82fc09d6 -0.271112 0.248013 -0.326943 -0.271112 0.248013 0.326943 -0.206130 -0.203566 0.329321 -0.206130 -0.203566 -0.329321 0.276964 -0.225828 -0.326943 0.271019 -0.224236 0.326943 
35462b6ea0597bf555e8ddeaf1791474 -0.262066 0.244668 -0.325852 -0.275483 0.244668 0.314592 -0.181795 -0.188901 0.318334 -0.170137 -0.186832 -0.325706 0.266336 -0.194844 -0.316564 0.258221 -0.191286 0.325773 
367fbaea8743ec1cc98452c8fce6b43 -0.281405 0.159939 -0.346820 -0.274668 0.150597 0.351862 -0.077555 -0.122707 0.349690 -0.068810 -0.134832 -0.338347 0.297292 -0.152320 -0.338115 0.306397 -0.152320 0.315537 
36bf7cd2652ccf48dd42bb2503ef78ef -0.252229 0.262364 -0.296942 -0.252229 0.262364 0.299236 -0.252229 -0.216505 0.299236 -0.252229 -0.216505 -0.296942 0.266253 -0.242042 -0.296942 0.298089 -0.216505 0.299236 
37b5e63e9f80e2402052a3b22ea3f616 -0.289427 0.259440 -0.285334 -0.289427 0.259440 0.283982 -0.161094 -0.219505 0.283982 -0.161094 -0.219505 -0.285334 0.311197 -0.218871 -0.292998 0.311197 -0.218871 0.292998 
3909e96930cb1e32a4f2e5eab55eddea -0.228484 0.224469 -0.334331 -0.228484 0.196732 0.290140 -0.228484 -0.217899 0.329951 -0.228484 -0.217899 -0.334331 0.296372 -0.217899 -0.334331 0.296372 -0.224469 0.334331 
3934cb69fe3584ef8f6cc6fefa15515a -0.270917 0.243791 -0.305244 -0.270917 0.243791 0.305244 -0.150302 -0.196833 0.311401 -0.152852 -0.196833 -0.305244 0.303316 -0.196833 -0.305244 0.300766 -0.196833 0.311401 
39778c495baf4bd9ac41b162b25b4656 -0.313659 0.244862 -0.273944 -0.301523 0.234216 0.290028 -0.184373 -0.202994 0.269228 -0.184373 -0.202994 -0.269228 0.315658 -0.223683 -0.297657 0.315658 -0.223683 0.297657 
39b54fd684a4ed3e6f0a9a10dc885e17 -0.193073 0.234390 -0.382076 -0.193073 0.234390 0.382076 -0.193073 -0.202961 0.382076 -0.193073 -0.176488 -0.348113 0.221539 -0.202961 -0.382076 0.221539 -0.202961 0.382076 
39e61115ba9df4d3cf75707bd872e2b3 -0.290534 0.187223 -0.334026 -0.313031 0.174234 0.341300 -0.089345 -0.161245 0.341300 -0.089345 -0.161245 -0.334026 0.313031 -0.187223 -0.334719 0.313031 -0.187223 0.341993 
39e80a6570002a431181170a86d04637 -0.268663 0.235381 -0.313951 -0.268663 0.235381 0.313951 -0.153512 -0.194369 0.311401 -0.155105 -0.188423 -0.313951 0.294609 -0.196832 -0.313951 0.303316 -0.196832 0.305244 
3b2bddb0e8ff57c85831a0624cf5a945 -0.266230 0.231253 -0.277391 -0.257779 0.245507 0.248586 -0.089739 -0.166342 0.278508 -0.089739 -0.178449 -0.295012 0.290471 -0.245945 -0.263031 0.306872 -0.219059 0.270287 
3b2db36aaa2546b99c7c402f274622c -0.256706 0.201969 -0.188594 -0.251927 0.184133 0.312827 -0.166749 -0.133769 0.332608 -0.166539 -0.134550 -0.129853 0.198817 -0.129771 -0.199031 0.198817 -0.129771 0.334579 
3b9a99663babc301e2ce1e6d2467cb03 -0.244421 0.273356 -0.314117 -0.244421 0.273356 0.314117 -0.230168 -0.224604 0.260690 -0.230168 -0.240275 -0.259920 0.276779 -0.240275 -0.314117 0.276779 -0.240275 0.314117 
3ba00d343b8ee1357b9c6deef486a7d8 -0.318083 0.195118 -0.293058 -0.313351 0.186924 0.298955 -0.112921 -0.160231 0.311560 -0.114956 -0.156708 -0.314968 0.307539 -0.197660 -0.313347 0.328514 -0.175863 0.292785 
3dc60bce3e8d3ece3077dad41839c251 -0.286883 0.220015 -0.306373 -0.285030 0.213106 0.323855 -0.138853 -0.195722 0.245772 -0.155758 -0.200680 -0.245771 0.286472 -0.195722 -0.327191 0.294969 -0.195722 0.306680 
3dd1b4cdc6d3b33f676394b063daab40 -0.241237 0.244532 -0.360156 -0.245533 0.244532 0.360157 -0.241237 -0.239914 0.356876 -0.241237 -0.242449 -0.194776 0.245919 -0.243084 -0.349925 0.245919 -0.240217 0.351428 
3e9af28eb2d6e216a4e3429ccb8eaf16 -0.274206 0.249976 -0.316112 -0.274206 0.249976 0.316112 -0.137191 -0.171674 0.316112 -0.139019 -0.170566 -0.204717 0.295909 -0.200014 -0.315926 0.295949 -0.205701 0.253909 
3f45cde6f7a13138e256fb3794905772 -0.239996 0.256447 -0.353219 -0.239996 0.256447 0.353219 -0.239996 -0.227415 0.353219 -0.239996 -0.227415 -0.353219 0.243866 -0.256447 -0.353219 0.243866 -0.256447 0.353219 
40935d32976b7dd3c8ed5bb8c3ee3317 -0.298831 0.260376 -0.276842 -0.281481 0.250195 0.258295 -0.281481 -0.241581 0.278748 -0.281481 -0.221129 -0.256389 0.298751 -0.252142 -0.276842 0.306135 -0.258659 0.278748 
40e0263822860cc5d69e26904fa68e7f -0.301363 0.215516 -0.322652 -0.288055 0.206215 0.328654 -0.187774 -0.156839 0.300924 -0.187774 -0.156839 -0.298185 0.282637 -0.223179 -0.328654 0.302961 -0.199930 0.328654 
42f71a2df30eabb1b8183a4a81361b94 -0.264959 0.207341 -0.329775 -0.264879 0.206843 0.333653 -0.182308 -0.204982 0.350513 -0.187309 -0.173761 -0.321221 0.265157 -0.207577 -0.350513 0.267003 -0.210120 0.350513 
4348768ff9802fc5ce1decf313ece97f -0.349361 0.187068 -0.297972 -0.349361 0.186284 0.297974 -0.094861 -0.189247 0.295407 -0.102303 -0.183520 -0.297972 0.351102 -0.186130 -0.301110 0.351102 -0.186130 0.297974 
4504a4d244d05ddbf5f79806bd65844f -0.291503 0.114032 -0.316346 -0.332287 0.122061 0.216955 -0.029557 -0.101678 0.256811 0.044898 -0.115602 -0.269325 0.363593 -0.115602 -0.227369 0.292012 -0.115602 0.316346 
454a88f4b2fe4472f9cacf0b2853f40 -0.238169 0.247414 -0.335494 -0.238169 0.235090 0.352164 -0.238169 -0.156975 0.323016 -0.238169 -0.184345 -0.342583 0.244191 -0.218733 -0.349670 0.252161 -0.204028 0.352767 
4573c3dc7525a4754145b5f47fac09a5 -0.198557 0.219169 -0.377865 -0.224560 0.219169 0.377865 -0.197684 -0.196156 0.386756 -0.198557 -0.188821 -0.377865 0.201113 -0.216487 -0.377865 0.219375 -0.204845 0.377865 
461b3592ac4674cbd2079b28d473791b -0.357834 0.140719 -0.316208 -0.348850 0.148212 0.315874 -0.127254 -0.117461 0.315874 -0.136337 -0.106572 -0.297587 0.290833 -0.121145 -0.294682 0.290833 -0.121145 0.293947 
464edfe14e9fa45c3394926146371698 -0.241541 0.164658 -0.288664 -0.237855 0.176278 0.258177 -0.074920 -0.156897 0.385506 -0.064452 -0.136547 -0.288906 0.262183 -0.173235 -0.385506 0.258076 -0.166316 0.385506 
466ea85bb4653ba3a715ae636b111d77 -0.290342 0.242738 -0.289528 -0.268827 0.237438 0.313526 -0.146329 -0.211941 0.323464 -0.146329 -0.220723 -0.323464 0.290342 -0.247129 -0.284769 0.282346 -0.247129 0.308326 
471005df47f0b4a6625cbbe81bda8c5c -0.310023 0.171886 -0.343628 -0.301118 0.178378 0.209382 -0.074749 -0.132051 0.209382 -0.083924 -0.119470 -0.328058 0.309866 -0.154558 -0.341624 0.310064 -0.154558 0.211385 
da0f6b3a375a7e77e963c7e7c24b8dcd -0.237256 0.223968 -0.378328 -0.237256 0.223968 0.378328 -0.192891 -0.211143 0.378328 -0.205682 -0.199246 -0.378328 0.228883 -0.214935 -0.378328 0.237256 -0.199246 0.378328 
dafca3237829fef9f6fef4a0ba2e7186 -0.315088 0.180668 -0.308479 -0.319329 0.189093 0.303183 -0.146209 -0.155116 0.310831 -0.152204 -0.143197 -0.277023 0.333002 -0.154548 -0.279925 0.327304 -0.154548 0.254134 
dbc61cbed5f7f2b33c1abb78f1519c49 -0.336370 0.108002 -0.314785 -0.301945 0.133623 0.314785 -0.101726 -0.126055 0.314785 -0.101726 -0.126055 -0.314785 0.248469 -0.126055 -0.296097 0.248469 -0.126055 0.290100 
dbcd5a88a9d4f1d7579cfe4420588034 -0.272190 0.257375 -0.311169 -0.270220 0.257952 0.313108 -0.243622 -0.208191 0.313108 -0.248859 -0.202951 -0.311746 0.283629 -0.215348 -0.311746 0.283629 -0.215348 0.313108 
dc264eab83ca12b3da4c0d8596dff972 -0.248439 0.186927 -0.056997 -0.237395 0.189613 0.353180 -0.144103 -0.158561 0.380084 -0.139682 -0.175059 -0.074434 0.245517 -0.179561 -0.076665 0.252374 -0.179561 0.372751 
dd205f0f8bc78bae359d7b39cfebb287 -0.267599 0.207141 -0.341018 -0.276538 0.207141 0.325096 -0.267599 -0.170998 0.325096 -0.267599 -0.170998 -0.341018 0.278875 -0.178382 -0.331812 0.279447 -0.178382 0.340672 
dd282ed5d4956590b713df0d260c2628 -0.287613 0.135091 -0.277860 -0.289886 0.142965 0.231292 -0.104276 -0.160758 0.275627 -0.094728 -0.176166 -0.277860 0.339118 -0.176166 -0.277860 0.363165 -0.184246 0.275627 
dd3642b10fdf3550615ca789e669df24 -0.207428 0.260148 -0.333674 -0.206661 0.252523 0.334752 -0.207428 -0.197318 0.323873 -0.223519 -0.212639 -0.334564 0.247737 -0.208042 -0.316454 0.250718 -0.212639 0.339073 
dda1832a36858f06ea791b47ef8b531a -0.272346 0.208555 -0.357128 -0.272346 0.208555 0.361314 -0.262459 -0.206301 0.328880 -0.263350 -0.206301 -0.271326 0.272346 -0.206301 -0.361314 0.272346 -0.212790 0.361314 
ddf5d6d855c2aa5d1c644ef3ab0c8ffa -0.266508 0.212683 -0.337365 -0.266065 0.211148 0.337365 -0.140633 -0.175141 0.292369 -0.144968 -0.198125 -0.337365 0.289841 -0.199634 -0.337365 0.289841 -0.208631 0.337365 
de2e95eac460c361e862e3cac45aa769 -0.325307 0.194098 -0.301584 -0.322019 0.188403 0.313765 -0.100169 -0.191779 0.320341 -0.105916 -0.185898 -0.313542 0.279438 -0.191779 -0.304157 0.277116 -0.191779 0.306626 
de9a39e8ef9c313bbba0ffaa383992dc -0.241977 0.116683 -0.182676 -0.215827 0.118068 0.305910 -0.079829 -0.110840 0.327152 -0.085638 -0.117295 -0.182676 0.241977 -0.117295 -0.182676 0.241977 -0.117295 0.327152 
decbfc069b08016d6ac2773342338507 -0.289470 0.204450 -0.329142 -0.289470 0.204450 0.329142 -0.109343 -0.165149 0.329142 -0.109343 -0.178547 -0.329142 0.316015 -0.178547 -0.329142 0.316015 -0.178547 0.329142 
df624231ef05b83d54c7ab6aa5674ccc -0.332412 0.211966 -0.301680 -0.332412 0.211966 0.301680 -0.077731 -0.199045 0.301680 -0.077731 -0.199045 -0.275938 0.337727 -0.211966 -0.301680 0.337727 -0.211966 0.301680 
e0cc767bf10134509fd6a63b3b6f6cd4 -0.259623 0.202052 -0.340427 -0.259623 0.202052 0.358327 -0.259623 -0.170671 0.358327 -0.259623 -0.170671 -0.340427 0.281238 -0.204783 -0.340427 0.281238 -0.176412 0.358327 
e1773be8392c5fc4f7d4d3ced798ad90 -0.266312 0.241362 -0.308360 -0.266312 0.241362 0.308360 -0.266312 -0.235195 0.308360 -0.266312 -0.235195 -0.308360 0.280328 -0.235195 -0.336394 0.280328 -0.235195 0.336394 
e34a4bd815f38858fb15d1c4afffaed3 -0.145372 0.202953 -0.412736 -0.145372 0.202953 0.412736 -0.145372 -0.171729 0.412736 -0.145372 -0.171729 -0.412736 0.196110 -0.171729 -0.412736 0.196110 -0.171729 0.412736 
e374559441d5c5bd386658d2bd45d727 -0.278821 0.236348 -0.330159 -0.276652 0.228255 0.316447 -0.152696 -0.199609 0.338303 -0.150992 -0.205969 -0.332853 0.274210 -0.221851 -0.336932 0.280723 -0.205326 0.329939 
e466c2c86a439c1faebff3b001eb4a27 -0.315530 0.225175 -0.313836 -0.305183 0.227921 0.313836 -0.191147 -0.201611 0.313836 -0.203145 -0.206677 -0.310078 0.312612 -0.206677 -0.310078 0.315530 -0.201611 0.313836 
